with feature Scaling
[[126362.88 134307.35]
 [ 84608.45  81005.76]
 [ 99677.49  99937.59]
 [ 46357.46  64926.08]
 [128750.48 125370.37]
 [ 50912.42  35673.41]
 [109741.35 105733.54]
 [100643.24 107404.34]
 [ 97599.28  97427.84]
 [113097.43 122776.86]]


without feature scaling
[[126362.88 134307.35]
 [ 84608.45  81005.76]
 [ 99677.49  99937.59]
 [ 46357.46  64926.08]
 [128750.48 125370.37]
 [ 50912.42  35673.41]
 [109741.35 105733.54]
 [100643.24 107404.34]
 [ 97599.28  97427.84]
 [113097.43 122776.86]]